107385 13117 0 702.479537 1239.111422 13118 18 4.892397 -100.606867 13117 3 712.518356 3692.110611 13118 19 331.607193 -996.344464 13118 19 275.168009 -987.222425 13118 17 63.761259 1027.251003 0 0 0.000000 0.000000 0 0 0.000000 0.000000 0 0 0.000000 0.000000 0 0 0.000000 0.000000 0 0 0.000000 0.000000 0 0 0.000000 0.000000 
109022 13317 0 732.638823 1239.413465 13318 18 34.883594 -100.183960 13317 3 743.000386 3692.387366 13318 19 361.475647 -996.214005 13318 19 305.041394 -987.054456 13318 17 93.896098 1027.425490 0 0 0.000000 0.000000 0 0 0.000000 0.000000 0 0 0.000000 0.000000 0 0 0.000000 0.000000 0 0 0.000000 0.000000 0 0 0.000000 0.000000 
110659 13517 0 762.799586 1239.408018 13518 18 64.871314 -100.194078 13517 3 773.480746 3692.202892 13518 19 391.347101 -996.247876 13518 19 334.916480 -987.304724 13518 17 124.031323 1027.521834 0 0 0.000000 0.000000 0 0 0.000000 0.000000 0 0 0.000000 0.000000 0 0 0.000000 0.000000 0 0 0.000000 0.000000 0 0 0.000000 0.000000 
112296 13717 0 792.961618 1239.842253 13718 18 94.855975 -100.099231 13717 3 803.961303 3692.528926 13718 19 421.220537 -995.509049 13718 19 364.788310 -986.476434 13718 17 154.169580 1027.568334 0 0 0.000000 0.000000 0 0 0.000000 0.000000 0 0 0.000000 0.000000 0 0 0.000000 0.000000 0 0 0.000000 0.000000 0 0 0.000000 0.000000 
113933 13917 0 823.126110 1238.850262 13918 18 124.840225 -100.835985 13917 3 834.442913 3692.362321 13918 19 451.096553 -996.419587 13918 19 394.660347 -987.191755 13918 17 184.307116 1026.636433 0 0 0.000000 0.000000 0 0 0.000000 0.000000 0 0 0.000000 0.000000 0 0 0.000000 0.000000 0 0 0.000000 0.000000 0 0 0.000000 0.000000 
115572 14118 0 80.297617 1239.135601 14118 18 404.828652 -100.556562 14118 3 91.933571 3691.862433 14118 19 730.978180 -996.423016 14118 19 674.539399 -987.211385 14118 17 464.449855 1027.083430 0 0 0.000000 0.000000 0 0 0.000000 0.000000 0 0 0.000000 0.000000 0 0 0.000000 0.000000 0 0 0.000000 0.000000 0 0 0.000000 0.000000 
117209 14318 0 110.462950 1239.235747 14318 18 434.814736 -100.594214 14318 3 122.414448 3691.856988 14318 19 760.851627 -996.173820 14318 19 704.411900 -987.128977 14318 17 494.586629 1027.676368 0 0 0.000000 0.000000 0 0 0.000000 0.000000 0 0 0.000000 0.000000 0 0 0.000000 0.000000 0 0 0.000000 0.000000 0 0 0.000000 0.000000 
118848 14518 0 390.630308 1240.101368 14518 18 714.806848 -99.962280 14518 3 402.902256 3692.863750 14519 19 17.729794 -995.511486 14518 19 984.289438 -986.117312 14518 17 774.726900 1028.079022 0 0 0.000000 0.000000 0 0 0.000000 0.000000 0 0 0.000000 0.000000 0 0 0.000000 0.000000 0 0 0.000000 0.000000 0 0 0.000000 0.000000 
120485 14718 0 420.792246 1239.233414 14718 18 744.793362 -100.578445 14718 3 433.383378 3692.296142 14719 19 47.598673 -995.975463 14718 19 1014.160773 -987.263313 14718 17 804.860308 1027.331737 0 0 0.000000 0.000000 0 0 0.000000 0.000000 0 0 0.000000 0.000000 0 0 0.000000 0.000000 0 0 0.000000 0.000000 0 0 0.000000 0.000000 
122122 14918 0 450.952971 1239.517411 14918 18 774.778890 -100.401566 14918 3 463.862702 3692.541924 14919 19 77.465701 -995.950589 14919 19 21.034422 -986.739013 14918 17 834.992311 1027.744012 0 0 0.000000 0.000000 0 0 0.000000 0.000000 0 0 0.000000 0.000000 0 0 0.000000 0.000000 0 0 0.000000 0.000000 0 0 0.000000 0.000000 
123759 15118 0 481.112326 1239.377326 15118 18 804.767925 -100.644873 15118 3 494.338516 3692.657491 15119 19 107.333225 -995.966213 15119 19 50.905985 -986.641329 15118 17 865.123968 1027.331910 0 0 0.000000 0.000000 0 0 0.000000 0.000000 0 0 0.000000 0.000000 0 0 0.000000 0.000000 0 0 0.000000 0.000000 0 0 0.000000 0.000000 
125396 15318 0 511.269338 1239.180767 15318 18 834.755957 -100.371093 15318 3 524.817852 3692.603711 15319 19 137.202784 -995.748817 15319 19 80.780415 -986.663435 15318 17 895.254107 1027.349797 0 0 0.000000 0.000000 0 0 0.000000 0.000000 0 0 0.000000 0.000000 0 0 0.000000 0.000000 0 0 0.000000 0.000000 0 0 0.000000 0.000000 
127033 15518 0 541.428446 1239.344969 15518 18 864.745114 -100.386860 15518 3 555.295962 3692.620488 15519 19 167.070656 -995.541704 15519 19 110.655679 -986.539034 15518 17 925.386660 1027.907399 0 0 0.000000 0.000000 0 0 0.000000 0.000000 0 0 0.000000 0.000000 0 0 0.000000 0.000000 0 0 0.000000 0.000000 0 0 0.000000 0.000000 
128671 15718 0 696.593208 1239.733962 15718 18 1019.739789 -100.200613 15718 3 710.778862 3692.737237 15719 19 321.941326 -995.431088 15719 19 265.534234 -986.334161 15719 17 57.523240 1028.315638 0 0 0.000000 0.000000 0 0 0.000000 0.000000 0 0 0.000000 0.000000 0 0 0.000000 0.000000 0 0 0.000000 0.000000 0 0 0.000000 0.000000 
130308 15918 0 726.753574 1239.192173 15919 18 26.727283 -100.513723 15918 3 741.261933 3692.743262 15919 19 351.815416 -995.495759 15919 19 295.406160 -986.696968 15919 17 87.657489 1027.804202 0 0 0.000000 0.000000 0 0 0.000000 0.000000 0 0 0.000000 0.000000 0 0 0.000000 0.000000 0 0 0.000000 0.000000 0 0 0.000000 0.000000 
131945 16118 0 756.915468 1239.835610 16119 18 56.715884 -99.915790 16118 3 771.743907 3693.672191 16119 19 381.689481 -994.695811 16119 19 325.277045 -986.267083 16119 17 117.792072 1028.380302 0 0 0.000000 0.000000 0 0 0.000000 0.000000 0 0 0.000000 0.000000 0 0 0.000000 0.000000 0 0 0.000000 0.000000 0 0 0.000000 0.000000 
133582 16318 0 787.079802 1240.029230 16319 18 86.702840 -99.839643 16318 3 802.227407 3693.210948 16319 19 411.562131 -995.001311 16319 19 355.148253 -986.017292 16319 17 147.927373 1028.692437 0 0 0.000000 0.000000 0 0 0.000000 0.000000 0 0 0.000000 0.000000 0 0 0.000000 0.000000 0 0 0.000000 0.000000 0 0 0.000000 0.000000 
135219 16518 0 817.245645 1239.162199 16519 18 116.689219 -100.707430 16518 3 832.709482 3692.730614 16519 19 441.438536 -995.303761 16519 19 385.020682 -986.554273 16519 17 178.062028 1027.892118 0 0 0.000000 0.000000 0 0 0.000000 0.000000 0 0 0.000000 0.000000 0 0 0.000000 0.000000 0 0 0.000000 0.000000 0 0 0.000000 0.000000 
136858 16719 0 74.414461 1239.214505 16719 18 396.681571 -100.250204 16719 3 90.196767 3692.506679 16719 19 721.315527 -994.935668 16719 19 664.897951 -986.482949 16719 17 458.203213 1027.790875 0 0 0.000000 0.000000 0 0 0.000000 0.000000 0 0 0.000000 0.000000 0 0 0.000000 0.000000 0 0 0.000000 0.000000 0 0 0.000000 0.000000 
138495 16919 0 104.576030 1239.934844 16919 18 426.669531 -99.996817 16919 3 120.676529 3693.236789 16919 19 751.191249 -994.661097 16919 19 694.769807 -986.114734 16919 17 488.337927 1028.168338 0 0 0.000000 0.000000 0 0 0.000000 0.000000 0 0 0.000000 0.000000 0 0 0.000000 0.000000 0 0 0.000000 0.000000 0 0 0.000000 0.000000 
140134 17119 0 384.744792 1240.086963 17119 18 706.662528 -99.540044 17119 3 401.163280 3694.177053 17120 19 8.070720 -994.349652 17119 19 974.650778 -985.108577 17119 17 768.477809 1029.104144 0 0 0.000000 0.000000 0 0 0.000000 0.000000 0 0 0.000000 0.000000 0 0 0.000000 0.000000 0 0 0.000000 0.000000 0 0 0.000000 0.000000 
141771 17319 0 414.905085 1240.027478 17319 18 736.649295 -99.668198 17319 3 431.642760 3693.668879 17320 19 37.944944 -994.132335 17319 19 1004.521568 -985.341197 17319 17 798.612111 1029.149448 0 0 0.000000 0.000000 0 0 0.000000 0.000000 0 0 0.000000 0.000000 0 0 0.000000 0.000000 0 0 0.000000 0.000000 0 0 0.000000 0.000000 
143408 17519 0 445.066161 1239.911720 17519 18 766.638638 -99.995348 17519 3 462.119867 3693.635957 17520 19 67.820831 -994.251322 17520 19 11.393131 -985.671261 17519 17 828.747592 1028.566273 0 0 0.000000 0.000000 0 0 0.000000 0.000000 0 0 0.000000 0.000000 0 0 0.000000 0.000000 0 0 0.000000 0.000000 0 0 0.000000 0.000000 
145045 17719 0 475.225775 1239.523040 17719 18 796.630200 -99.956552 17719 3 492.599672 3693.692963 17720 19 97.688968 -994.106189 17720 19 41.268002 -985.835235 17719 17 858.882045 1028.376387 0 0 0.000000 0.000000 0 0 0.000000 0.000000 0 0 0.000000 0.000000 0 0 0.000000 0.000000 0 0 0.000000 0.000000 0 0 0.000000 0.000000 
146682 17919 0 505.386705 1239.997458 17919 18 826.617552 -99.778287 17919 3 523.078276 3693.835159 17920 19 127.559690 -994.373590 17920 19 71.141864 -985.838009 17919 17 889.016066 1028.977830 0 0 0.000000 0.000000 0 0 0.000000 0.000000 0 0 0.000000 0.000000 0 0 0.000000 0.000000 0 0 0.000000 0.000000 0 0 0.000000 0.000000 
148319 18119 0 535.546965 1239.353178 18119 18 856.605989 -100.296586 18119 3 553.559842 3693.543811 18120 19 157.430041 -994.387171 18120 19 101.013597 -985.934002 18119 17 919.152565 1028.666320 0 0 0.000000 0.000000 0 0 0.000000 0.000000 0 0 0.000000 0.000000 0 0 0.000000 0.000000 0 0 0.000000 0.000000 0 0 0.000000 0.000000 
149957 18319 0 690.713668 1239.385712 18319 18 1011.597957 -100.263881 18319 3 709.042168 3693.465348 18320 19 312.301506 -994.079510 18320 19 255.891782 -985.731068 18320 17 51.290925 1029.020565 0 0 0.000000 0.000000 0 0 0.000000 0.000000 0 0 0.000000 0.000000 0 0 0.000000 0.000000 0 0 0.000000 0.000000 0 0 0.000000 0.000000 
151594 18519 0 720.874195 1240.360791 18520 18 18.584720 -99.644973 18519 3 739.524087 3695.161709 18520 19 342.170991 -993.405691 18520 19 285.767545 -984.996955 18520 17 81.428016 1029.969844 0 0 0.000000 0.000000 0 0 0.000000 0.000000 0 0 0.000000 0.000000 0 0 0.000000 0.000000 0 0 0.000000 0.000000 0 0 0.000000 0.000000 
153231 18719 0 751.035897 1239.994270 18720 18 48.570317 -99.786073 18719 3 770.005109 3694.446759 18720 19 372.041547 -993.603765 18720 19 315.638358 -985.154957 18720 17 111.563906 1029.199529 0 0 0.000000 0.000000 0 0 0.000000 0.000000 0 0 0.000000 0.000000 0 0 0.000000 0.000000 0 0 0.000000 0.000000 0 0 0.000000 0.000000 
154868 18919 0 781.198091 1239.490688 18920 18 78.555994 -100.271838 18919 3 800.483033 3693.745677 18920 19 401.914354 -994.264572 18920 19 345.510742 -985.704067 18920 17 141.698145 1028.851098 0 0 0.000000 0.000000 0 0 0.000000 0.000000 0 0 0.000000 0.000000 0 0 0.000000 0.000000 0 0 0.000000 0.000000 0 0 0.000000 0.000000 
156505 19119 0 811.360091 1239.574044 19120 18 108.542470 -100.120516 19119 3 830.962949 3694.086574 19120 19 431.785889 -994.059299 19120 19 375.383051 -985.725769 19120 17 171.833564 1028.871323 0 0 0.000000 0.000000 0 0 0.000000 0.000000 0 0 0.000000 0.000000 0 0 0.000000 0.000000 0 0 0.000000 0.000000 0 0 0.000000 0.000000 
158144 19320 0 68.529308 1240.006972 19320 18 388.535438 -99.974999 19320 3 88.449970 3694.526129 19320 19 711.662491 -993.576429 19320 19 655.261324 -985.167422 19320 17 451.975337 1029.310567 0 0 0.000000 0.000000 0 0 0.000000 0.000000 0 0 0.000000 0.000000 0 0 0.000000 0.000000 0 0 0.000000 0.000000 0 0 0.000000 0.000000 
159781 19520 0 98.692510 1240.706257 19520 18 418.522343 -99.121528 19520 3 118.932443 3695.471347 19520 19 741.537594 -992.873186 19520 19 685.132264 -984.606855 19520 17 482.108443 1030.012508 0 0 0.000000 0.000000 0 0 0.000000 0.000000 0 0 0.000000 0.000000 0 0 0.000000 0.000000 0 0 0.000000 0.000000 0 0 0.000000 0.000000 
161421 19720 0 503.866188 1239.413328 19720 18 823.519747 -99.813058 19720 3 524.423317 3694.359947 19721 19 123.417574 -993.722576 19721 19 67.016028 -985.230120 19720 17 887.249434 1028.995763 0 0 0.000000 0.000000 0 0 0.000000 0.000000 0 0 0.000000 0.000000 0 0 0.000000 0.000000 0 0 0.000000 0.000000 0 0 0.000000 0.000000 
163058 19920 0 534.028479 1239.561892 19920 18 853.507162 -99.889960 19920 3 554.905653 3694.394630 19921 19 153.287959 -993.815577 19921 19 96.889804 -985.088318 19920 17 917.384053 1029.449289 0 0 0.000000 0.000000 0 0 0.000000 0.000000 0 0 0.000000 0.000000 0 0 0.000000 0.000000 0 0 0.000000 0.000000 0 0 0.000000 0.000000 
164696 20120 0 689.194014 1240.097594 20120 18 1008.500512 -99.766594 20120 3 710.391502 3694.838909 20121 19 308.162994 -992.992487 20121 19 251.765456 -984.878926 20121 17 49.518937 1029.984563 0 0 0.000000 0.000000 0 0 0.000000 0.000000 0 0 0.000000 0.000000 0 0 0.000000 0.000000 0 0 0.000000 0.000000 0 0 0.000000 0.000000 
166333 20320 0 719.353638 1240.268378 20321 18 15.487765 -99.223315 20320 3 740.872964 3695.124846 20321 19 338.034810 -992.889103 20321 19 281.639976 -984.648514 20321 17 79.651690 1030.116586 0 0 0.000000 0.000000 0 0 0.000000 0.000000 0 0 0.000000 0.000000 0 0 0.000000 0.000000 0 0 0.000000 0.000000 0 0 0.000000 0.000000 
167970 20520 0 749.512907 1240.542834 20521 18 45.474380 -99.367238 20520 3 771.356089 3695.305825 20521 19 367.905600 -992.867305 20521 19 311.512725 -984.779896 20521 17 109.788465 1030.046534 0 0 0.000000 0.000000 0 0 0.000000 0.000000 0 0 0.000000 0.000000 0 0 0.000000 0.000000 0 0 0.000000 0.000000 0 0 0.000000 0.000000 
169607 20720 0 779.673819 1240.036136 20721 18 75.461521 -99.233123 20720 3 801.836741 3695.230418 20721 19 397.779704 -992.346767 20721 19 341.387225 -984.296383 20721 17 139.922599 1030.340938 0 0 0.000000 0.000000 0 0 0.000000 0.000000 0 0 0.000000 0.000000 0 0 0.000000 0.000000 0 0 0.000000 0.000000 0 0 0.000000 0.000000 
171244 20920 0 809.836845 1239.925438 20921 18 105.451242 -99.974016 20920 3 832.315273 3694.887180 20921 19 427.651947 -992.996952 20921 19 371.262060 -984.565462 20921 17 170.058273 1029.858211 0 0 0.000000 0.000000 0 0 0.000000 0.000000 0 0 0.000000 0.000000 0 0 0.000000 0.000000 0 0 0.000000 0.000000 0 0 0.000000 0.000000 
172883 21121 0 67.003948 1239.778107 21121 18 385.447443 -99.922652 21121 3 89.799628 3694.605698 21121 19 707.532883 -992.957612 21121 19 651.139946 -984.816233 21121 17 450.197537 1029.653559 0 0 0.000000 0.000000 0 0 0.000000 0.000000 0 0 0.000000 0.000000 0 0 0.000000 0.000000 0 0 0.000000 0.000000 0 0 0.000000 0.000000 
174520 21321 0 97.163860 1240.359804 21321 18 415.438279 -99.726650 21321 3 120.277532 3695.627505 21321 19 737.405315 -992.288113 21321 19 681.013404 -984.477081 21321 17 480.335854 1030.496255 0 0 0.000000 0.000000 0 0 0.000000 0.000000 0 0 0.000000 0.000000 0 0 0.000000 0.000000 0 0 0.000000 0.000000 0 0 0.000000 0.000000 
176160 21521 0 502.336045 1239.603746 21521 18 820.434688 -99.838688 21521 3 525.770148 3694.927159 21522 19 119.282949 -992.895339 21522 19 62.892932 -984.577302 21521 17 885.482893 1029.880593 0 0 0.000000 0.000000 0 0 0.000000 0.000000 0 0 0.000000 0.000000 0 0 0.000000 0.000000 0 0 0.000000 0.000000 0 0 0.000000 0.000000 
177797 21721 0 532.499448 1240.091048 21721 18 850.425947 -99.287629 21721 3 556.250774 3695.568829 21722 19 149.157361 -992.279995 21722 19 92.763486 -984.401757 21721 17 915.615167 1030.192854 0 0 0.000000 0.000000 0 0 0.000000 0.000000 0 0 0.000000 0.000000 0 0 0.000000 0.000000 0 0 0.000000 0.000000 0 0 0.000000 0.000000 
179434 21921 0 562.663005 1240.763294 21921 18 880.414877 -99.101945 21921 3 586.731181 3695.993783 21922 19 179.029497 -991.654219 21922 19 122.634651 -983.801312 21921 17 945.752169 1030.435935 0 0 0.000000 0.000000 0 0 0.000000 0.000000 0 0 0.000000 0.000000 0 0 0.000000 0.000000 0 0 0.000000 0.000000 0 0 0.000000 0.000000 
181072 22121 0 717.828326 1239.884998 22122 18 12.407863 -99.852181 22121 3 742.214966 3695.424854 22122 19 333.902935 -992.290287 22122 19 277.508589 -984.245325 22122 17 77.891436 1029.788671 0 0 0.000000 0.000000 0 0 0.000000 0.000000 0 0 0.000000 0.000000 0 0 0.000000 0.000000 0 0 0.000000 0.000000 0 0 0.000000 0.000000 
182709 22321 0 747.989508 1240.616402 22322 18 42.397318 -99.189247 22321 3 772.695152 3696.206965 22322 19 363.775096 -991.851593 22322 19 307.378624 -983.718477 22322 17 108.024243 1030.752293 0 0 0.000000 0.000000 0 0 0.000000 0.000000 0 0 0.000000 0.000000 0 0 0.000000 0.000000 0 0 0.000000 0.000000 0 0 0.000000 0.000000 
184346 22521 0 778.153437 1240.747957 22522 18 72.384678 -98.925090 22521 3 803.176953 3696.050819 22522 19 393.645105 -991.603661 22522 19 337.249967 -983.751388 22522 17 138.157112 1030.915052 0 0 0.000000 0.000000 0 0 0.000000 0.000000 0 0 0.000000 0.000000 0 0 0.000000 0.000000 0 0 0.000000 0.000000 0 0 0.000000 0.000000 
185983 22721 0 808.314517 1240.505208 22722 18 102.369472 -99.333162 22721 3 833.654296 3695.691473 22722 19 423.515095 -991.824994 22722 19 367.122604 -984.048204 22722 17 168.289869 1031.104427 0 0 0.000000 0.000000 0 0 0.000000 0.000000 0 0 0.000000 0.000000 0 0 0.000000 0.000000 0 0 0.000000 0.000000 0 0 0.000000 0.000000 
187622 22922 0 65.483844 1240.243408 22922 18 382.360349 -99.289605 22922 3 91.141001 3695.844229 22922 19 703.388972 -991.954721 22922 19 647.004352 -983.653927 22922 17 448.424893 1030.884198 0 0 0.000000 0.000000 0 0 0.000000 0.000000 0 0 0.000000 0.000000 0 0 0.000000 0.000000 0 0 0.000000 0.000000 0 0 0.000000 0.000000 
189259 23122 0 95.647546 1239.663296 23122 18 412.344091 -99.637952 23122 3 121.620053 3695.527680 23122 19 733.258110 -992.167211 23122 19 676.881989 -983.860475 23122 17 478.555496 1030.405874 0 0 0.000000 0.000000 0 0 0.000000 0.000000 0 0 0.000000 0.000000 0 0 0.000000 0.000000 0 0 0.000000 0.000000 0 0 0.000000 0.000000 
190896 23322 0 125.811034 1240.752397 23322 18 442.328751 -98.949883 23322 3 152.101194 3696.326965 23322 19 763.130379 -991.269248 23322 19 706.756256 -983.186978 23322 17 508.688924 1031.121045 0 0 0.000000 0.000000 0 0 0.000000 0.000000 0 0 0.000000 0.000000 0 0 0.000000 0.000000 0 0 0.000000 0.000000 0 0 0.000000 0.000000 
192535 23522 0 405.979855 1240.808354 23522 18 722.322829 -98.556392 23522 3 432.589654 3696.756181 23523 19 20.009573 -991.110545 23522 19 986.634332 -982.967511 23522 17 788.833664 1031.062558 0 0 0.000000 0.000000 0 0 0.000000 0.000000 0 0 0.000000 0.000000 0 0 0.000000 0.000000 0 0 0.000000 0.000000 0 0 0.000000 0.000000 
194172 23722 0 436.142200 1241.218887 23722 18 752.313305 -98.260026 23722 3 463.067416 3697.372375 23723 19 49.882773 -990.205047 23722 19 1016.507853 -982.392168 23722 17 818.970908 1031.665391 0 0 0.000000 0.000000 0 0 0.000000 0.000000 0 0 0.000000 0.000000 0 0 0.000000 0.000000 0 0 0.000000 0.000000 0 0 0.000000 0.000000 
195809 23922 0 466.300871 1240.377430 23922 18 782.301328 -99.058226 23922 3 493.550532 3696.492392 23923 19 79.755298 -991.354621 23923 19 23.382210 -983.413934 23922 17 849.107357 1031.219256 0 0 0.000000 0.000000 0 0 0.000000 0.000000 0 0 0.000000 0.000000 0 0 0.000000 0.000000 0 0 0.000000 0.000000 0 0 0.000000 0.000000 
197446 24122 0 496.461363 1240.187714 24122 18 812.290513 -99.208709 24122 3 524.031517 3696.654059 24123 19 109.628764 -991.215267 24123 19 53.254922 -983.361754 24122 17 879.243921 1031.258994 0 0 0.000000 0.000000 0 0 0.000000 0.000000 0 0 0.000000 0.000000 0 0 0.000000 0.000000 0 0 0.000000 0.000000 0 0 0.000000 0.000000 
199083 24322 0 526.623110 1240.680436 24322 18 842.280026 -98.854819 24322 3 554.512697 3696.608736 24323 19 139.504581 -990.899762 24323 19 83.124839 -982.922826 24322 17 909.380466 1031.711827 0 0 0.000000 0.000000 0 0 0.000000 0.000000 0 0 0.000000 0.000000 0 0 0.000000 0.000000 0 0 0.000000 0.000000 0 0 0.000000 0.000000 
200720 24522 0 556.785096 1240.733228 24522 18 872.270713 -99.119120 24522 3 584.995351 3697.076611 24523 19 169.376649 -990.572468 24523 19 112.995773 -982.917198 24522 17 939.518488 1031.654205 0 0 0.000000 0.000000 0 0 0.000000 0.000000 0 0 0.000000 0.000000 0 0 0.000000 0.000000 0 0 0.000000 0.000000 0 0 0.000000 0.000000 
202358 24722 0 711.951456 1240.696242 24723 18 4.264378 -98.727544 24722 3 740.481091 3696.965222 24723 19 324.253077 -990.656704 24723 19 267.868323 -983.008257 24723 17 71.657230 1031.777793 0 0 0.000000 0.000000 0 0 0.000000 0.000000 0 0 0.000000 0.000000 0 0 0.000000 0.000000 0 0 0.000000 0.000000 0 0 0.000000 0.000000 
203995 24922 0 742.113075 1240.694223 24923 18 34.252408 -98.805940 24922 3 770.957879 3697.238399 24923 19 354.125200 -990.483603 24923 19 297.738148 -982.756631 24923 17 101.794400 1031.825981 0 0 0.000000 0.000000 0 0 0.000000 0.000000 0 0 0.000000 0.000000 0 0 0.000000 0.000000 0 0 0.000000 0.000000 0 0 0.000000 0.000000 
205632 25122 0 772.278305 1240.342550 25123 18 64.241026 -99.003221 25122 3 801.438936 3697.084039 25123 19 383.995723 -990.332020 25123 19 327.610965 -982.554508 25123 17 131.929074 1031.732660 0 0 0.000000 0.000000 0 0 0.000000 0.000000 0 0 0.000000 0.000000 0 0 0.000000 0.000000 0 0 0.000000 0.000000 0 0 0.000000 0.000000 
207269 25322 0 802.439959 1241.718614 25323 18 94.227447 -97.894402 25322 3 831.921404 3697.863218 25323 19 413.868688 -989.405149 25323 19 357.482136 -981.911139 25323 17 162.060970 1032.687655 0 0 0.000000 0.000000 0 0 0.000000 0.000000 0 0 0.000000 0.000000 0 0 0.000000 0.000000 0 0 0.000000 0.000000 0 0 0.000000 0.000000 
208906 25522 0 832.601741 1241.404485 25523 18 124.216858 -98.543747 25522 3 862.404125 3697.771731 25523 19 443.740181 -990.126270 25523 19 387.356905 -982.325069 25523 17 192.193161 1032.159498 0 0 0.000000 0.000000 0 0 0.000000 0.000000 0 0 0.000000 0.000000 0 0 0.000000 0.000000 0 0 0.000000 0.000000 0 0 0.000000 0.000000 
210545 25723 0 89.771933 1240.381627 25723 18 404.209952 -99.018230 25723 3 119.895221 3697.212457 25723 19 723.617526 -990.679420 25723 19 667.237187 -982.864457 25723 17 472.332443 1031.697436 0 0 0.000000 0.000000 0 0 0.000000 0.000000 0 0 0.000000 0.000000 0 0 0.000000 0.000000 0 0 0.000000 0.000000 0 0 0.000000 0.000000 
212182 25923 0 119.932430 1240.934899 25923 18 434.195631 -98.615724 25923 3 150.377862 3697.982883 25923 19 753.489240 -990.044555 25923 19 697.111700 -982.064853 25923 17 502.465212 1031.991320 0 0 0.000000 0.000000 0 0 0.000000 0.000000 0 0 0.000000 0.000000 0 0 0.000000 0.000000 0 0 0.000000 0.000000 0 0 0.000000 0.000000 
213821 26123 0 400.100217 1241.397323 26123 18 714.187459 -98.181674 26123 3 430.862902 3698.107478 26124 19 10.368122 -989.280506 26123 19 976.993560 -981.942893 26123 17 782.603467 1032.557918 0 0 0.000000 0.000000 0 0 0.000000 0.000000 0 0 0.000000 0.000000 0 0 0.000000 0.000000 0 0 0.000000 0.000000 0 0 0.000000 0.000000 
215458 26323 0 430.262144 1241.453945 26323 18 744.176272 -98.229847 26323 3 461.343007 3698.113231 26324 19 40.241694 -989.362623 26323 19 1006.869786 -981.880207 26323 17 812.736751 1033.108157 0 0 0.000000 0.000000 0 0 0.000000 0.000000 0 0 0.000000 0.000000 0 0 0.000000 0.000000 0 0 0.000000 0.000000 0 0 0.000000 0.000000 
217095 26523 0 460.423035 1241.272172 26523 18 774.165199 -98.356955 26523 3 491.820628 3698.256560 26524 19 70.113263 -989.601591 26524 19 13.743709 -981.874901 26523 17 842.873702 1032.763528 0 0 0.000000 0.000000 0 0 0.000000 0.000000 0 0 0.000000 0.000000 0 0 0.000000 0.000000 0 0 0.000000 0.000000 0 0 0.000000 0.000000 
218732 26723 0 490.584932 1240.459364 26723 18 804.153839 -99.115049 26723 3 522.298676 3697.455361 26724 19 99.987911 -990.075916 26724 19 43.617259 -982.395599 26723 17 873.009468 1031.882276 0 0 0.000000 0.000000 0 0 0.000000 0.000000 0 0 0.000000 0.000000 0 0 0.000000 0.000000 0 0 0.000000 0.000000 0 0 0.000000 0.000000 
220369 26923 0 520.747753 1240.764696 26923 18 834.142611 -98.605931 26923 3 552.780936 3697.910163 26924 19 129.860886 -989.618949 26924 19 73.489802 -982.329219 26923 17 903.146572 1032.390951 0 0 0.000000 0.000000 0 0 0.000000 0.000000 0 0 0.000000 0.000000 0 0 0.000000 0.000000 0 0 0.000000 0.000000 0 0 0.000000 0.000000 
222006 27123 0 550.910219 1240.434602 27123 18 864.130665 -98.987516 27123 3 583.266152 3697.461074 27124 19 159.732928 -989.725513 27124 19 103.362646 -982.332659 27123 17 933.283265 1032.265877 0 0 0.000000 0.000000 0 0 0.000000 0.000000 0 0 0.000000 0.000000 0 0 0.000000 0.000000 0 0 0.000000 0.000000 0 0 0.000000 0.000000 
223644 27323 0 706.075280 1241.518908 27323 18 1019.120419 -98.358393 27323 3 738.750393 3698.163743 27324 19 314.606419 -988.844613 27324 19 258.237605 -981.670519 27324 17 65.422572 1032.973127 0 0 0.000000 0.000000 0 0 0.000000 0.000000 0 0 0.000000 0.000000 0 0 0.000000 0.000000 0 0 0.000000 0.000000 0 0 0.000000 0.000000 
225281 27523 0 736.238005 1240.814005 27524 18 26.107209 -98.322408 27523 3 769.231050 3698.034699 27524 19 344.478816 -989.521787 27524 19 288.108762 -981.784454 27524 17 95.559593 1032.912048 0 0 0.000000 0.000000 0 0 0.000000 0.000000 0 0 0.000000 0.000000 0 0 0.000000 0.000000 0 0 0.000000 0.000000 0 0 0.000000 0.000000 
226918 27723 0 766.400048 1241.325052 27724 18 56.094127 -98.193229 27723 3 799.713268 3698.208300 27724 19 374.348554 -988.680125 27724 19 317.981764 -981.411151 27724 17 125.694267 1033.239965 0 0 0.000000 0.000000 0 0 0.000000 0.000000 0 0 0.000000 0.000000 0 0 0.000000 0.000000 0 0 0.000000 0.000000 0 0 0.000000 0.000000 
228555 27923 0 796.560543 1240.971032 27924 18 86.077400 -98.823009 27923 3 830.192574 3697.794257 27924 19 404.222972 -989.433540 27924 19 347.855145 -982.025941 27924 17 155.826339 1032.574775 0 0 0.000000 0.000000 0 0 0.000000 0.000000 0 0 0.000000 0.000000 0 0 0.000000 0.000000 0 0 0.000000 0.000000 0 0 0.000000 0.000000 
230192 28123 0 826.722215 1240.481362 28124 18 116.064878 -98.937818 28123 3 860.673577 3698.241498 28124 19 434.095108 -989.269796 28124 19 377.727991 -982.092958 28124 17 185.959329 1032.361714 0 0 0.000000 0.000000 0 0 0.000000 0.000000 0 0 0.000000 0.000000 0 0 0.000000 0.000000 0 0 0.000000 0.000000 0 0 0.000000 0.000000 
231831 28324 0 83.887963 1241.137297 28324 18 396.059091 -98.353232 28324 3 118.161461 3698.410974 28324 19 713.974326 -988.992842 28324 19 657.606084 -981.428772 28324 17 466.100234 1033.089965 0 0 0.000000 0.000000 0 0 0.000000 0.000000 0 0 0.000000 0.000000 0 0 0.000000 0.000000 0 0 0.000000 0.000000 0 0 0.000000 0.000000 
233468 28524 0 114.048695 1241.488709 28524 18 426.047198 -98.655917 28524 3 148.643109 3698.544408 28524 19 743.844691 -988.601529 28524 19 687.479045 -981.349075 28524 17 496.232998 1033.306175 0 0 0.000000 0.000000 0 0 0.000000 0.000000 0 0 0.000000 0.000000 0 0 0.000000 0.000000 0 0 0.000000 0.000000 0 0 0.000000 0.000000 
235108 28724 0 519.219401 1241.426108 28724 18 831.046400 -98.534146 28724 3 554.130869 3698.658358 28725 19 125.725460 -988.595262 28725 19 69.363262 -981.012588 28724 17 901.378472 1033.376507 0 0 0.000000 0.000000 0 0 0.000000 0.000000 0 0 0.000000 0.000000 0 0 0.000000 0.000000 0 0 0.000000 0.000000 0 0 0.000000 0.000000 
236745 28924 0 549.378780 1241.357705 28924 18 861.036882 -98.954964 28924 3 584.609487 3698.424779 28925 19 155.599905 -988.980776 28925 19 99.239621 -981.930265 28924 17 931.512984 1032.947168 0 0 0.000000 0.000000 0 0 0.000000 0.000000 0 0 0.000000 0.000000 0 0 0.000000 0.000000 0 0 0.000000 0.000000 0 0 0.000000 0.000000 
238383 29124 0 704.545273 1241.105042 29124 18 1016.030684 -98.703403 29124 3 740.094308 3698.850985 29125 19 310.476346 -988.993990 29125 19 254.118236 -981.414174 29125 17 63.652053 1033.080565 0 0 0.000000 0.000000 0 0 0.000000 0.000000 0 0 0.000000 0.000000 0 0 0.000000 0.000000 0 0 0.000000 0.000000 0 0 0.000000 0.000000 
240020 29324 0 734.707342 1240.883156 29325 18 23.020608 -98.846182 29324 3 770.576348 3698.642818 29325 19 340.350989 -988.555541 29325 19 283.991481 -981.413208 29325 17 93.785428 1033.330882 0 0 0.000000 0.000000 0 0 0.000000 0.000000 0 0 0.000000 0.000000 0 0 0.000000 0.000000 0 0 0.000000 0.000000 0 0 0.000000 0.000000 
241657 29524 0 764.869485 1241.025449 29525 18 53.010243 -98.694951 29524 3 801.059139 3698.901389 29525 19 370.222016 -988.638240 29525 19 313.868247 -981.049626 29525 17 123.920804 1033.006322 0 0 0.000000 0.000000 0 0 0.000000 0.000000 0 0 0.000000 0.000000 0 0 0.000000 0.000000 0 0 0.000000 0.000000 0 0 0.000000 0.000000 
243294 29724 0 795.034910 1241.267038 29725 18 83.000948 -98.594345 29724 3 831.542078 3698.740327 29725 19 400.095357 -988.407605 29725 19 343.741483 -981.391715 29725 17 154.058732 1033.293264 0 0 0.000000 0.000000 0 0 0.000000 0.000000 0 0 0.000000 0.000000 0 0 0.000000 0.000000 0 0 0.000000 0.000000 0 0 0.000000 0.000000 
244931 29924 0 825.199955 1240.742397 29925 18 112.988338 -98.804854 29924 3 862.026451 3699.084262 29925 19 429.966496 -988.414315 29925 19 373.616170 -981.199430 29925 17 184.196397 1033.292412 0 0 0.000000 0.000000 0 0 0.000000 0.000000 0 0 0.000000 0.000000 0 0 0.000000 0.000000 0 0 0.000000 0.000000 0 0 0.000000 0.000000 
246570 30125 0 82.368143 1240.120660 30125 18 392.980316 -98.959497 30125 3 119.515136 3698.234179 30125 19 709.843741 -988.807921 30125 19 653.496613 -981.575109 30125 17 464.338168 1032.843966 0 0 0.000000 0.000000 0 0 0.000000 0.000000 0 0 0.000000 0.000000 0 0 0.000000 0.000000 0 0 0.000000 0.000000 0 0 0.000000 0.000000 
248207 30325 0 112.530334 1240.949939 30325 18 422.965683 -98.369302 30325 3 149.995957 3698.870706 30325 19 739.715485 -988.289587 30325 19 683.368037 -980.861472 30325 17 494.473171 1033.489774 0 0 0.000000 0.000000 0 0 0.000000 0.000000 0 0 0.000000 0.000000 0 0 0.000000 0.000000 0 0 0.000000 0.000000 0 0 0.000000 0.000000 
249847 30525 0 517.701184 1241.101919 30525 18 827.958819 -98.424239 30525 3 555.484764 3698.925178 30526 19 121.594405 -988.039608 30526 19 65.248136 -981.054979 30525 17 899.615091 1033.682175 0 0 0.000000 0.000000 0 0 0.000000 0.000000 0 0 0.000000 0.000000 0 0 0.000000 0.000000 0 0 0.000000 0.000000 0 0 0.000000 0.000000 
251484 30725 0 547.863359 1240.493123 30725 18 857.943088 -99.054369 30725 3 585.965034 3698.648286 30726 19 151.465412 -988.350111 30726 19 95.119536 -981.445082 30725 17 929.748628 1033.281106 0 0 0.000000 0.000000 0 0 0.000000 0.000000 0 0 0.000000 0.000000 0 0 0.000000 0.000000 0 0 0.000000 0.000000 0 0 0.000000 0.000000 
253121 30925 0 578.023969 1240.345778 30925 18 887.929316 -99.251284 30925 3 616.443077 3698.479084 30926 19 181.335815 -988.673098 30926 19 124.992921 -981.481562 30925 17 959.879551 1033.255522 0 0 0.000000 0.000000 0 0 0.000000 0.000000 0 0 0.000000 0.000000 0 0 0.000000 0.000000 0 0 0.000000 0.000000 0 0 0.000000 0.000000 
254759 31125 0 733.189509 1240.575028 31126 18 19.918207 -99.038400 31125 3 771.926560 3699.131318 31126 19 336.214902 -987.957601 31126 19 279.866838 -981.124754 31126 17 92.014646 1033.393379 0 0 0.000000 0.000000 0 0 0.000000 0.000000 0 0 0.000000 0.000000 0 0 0.000000 0.000000 0 0 0.000000 0.000000 0 0 0.000000 0.000000 
256396 31325 0 763.352084 1240.455639 31326 18 49.904965 -99.570906 31325 3 802.409791 3698.415806 31326 19 366.087622 -988.568923 31326 19 309.741538 -981.519189 31326 17 122.149111 1033.149382 0 0 0.000000 0.000000 0 0 0.000000 0.000000 0 0 0.000000 0.000000 0 0 0.000000 0.000000 0 0 0.000000 0.000000 0 0 0.000000 0.000000 
258033 31525 0 793.514979 1241.264196 31526 18 79.891341 -98.458324 31525 3 832.889833 3699.302431 31526 19 395.959815 -987.651059 31526 19 339.615852 -980.656055 31526 17 152.284378 1033.938661 0 0 0.000000 0.000000 0 0 0.000000 0.000000 0 0 0.000000 0.000000 0 0 0.000000 0.000000 0 0 0.000000 0.000000 0 0 0.000000 0.000000 
259670 31725 0 823.677456 1241.186782 31726 18 109.880589 -98.348582 31725 3 863.368679 3699.728993 31726 19 425.831787 -987.361317 31726 19 369.489287 -980.698312 31726 17 182.420186 1034.124308 0 0 0.000000 0.000000 0 0 0.000000 0.000000 0 0 0.000000 0.000000 0 0 0.000000 0.000000 0 0 0.000000 0.000000 0 0 0.000000 0.000000 
261309 31926 0 80.845886 1240.971629 31926 18 389.875929 -98.273130 31926 3 120.856576 3699.788868 31926 19 705.706641 -987.448523 31926 19 649.369754 -980.759109 31926 17 462.561117 1033.817420 0 0 0.000000 0.000000 0 0 0.000000 0.000000 0 0 0.000000 0.000000 0 0 0.000000 0.000000 0 0 0.000000 0.000000 0 0 0.000000 0.000000 
262946 32126 0 111.006769 1240.729776 32126 18 419.866208 -98.730243 32126 3 151.335756 3699.705660 32126 19 735.578610 -987.412362 32126 19 679.242477 -980.830863 32126 17 492.699141 1033.839222 0 0 0.000000 0.000000 0 0 0.000000 0.000000 0 0 0.000000 0.000000 0 0 0.000000 0.000000 0 0 0.000000 0.000000 0 0 0.000000 0.000000 
264586 32326 0 516.177288 1241.077789 32326 18 824.866284 -98.568300 32326 3 556.827596 3699.853881 32327 19 117.458263 -987.388792 32327 19 61.125702 -980.201101 32326 17 897.845986 1034.480888 0 0 0.000000 0.000000 0 0 0.000000 0.000000 0 0 0.000000 0.000000 0 0 0.000000 0.000000 0 0 0.000000 0.000000 0 0 0.000000 0.000000 
266223 32526 0 546.336428 1241.883553 32526 18 854.856307 -97.910028 32526 3 587.308631 3700.650234 32527 19 147.331617 -986.537289 32527 19 90.998941 -979.599489 32526 17 927.981477 1035.165196 0 0 0.000000 0.000000 0 0 0.000000 0.000000 0 0 0.000000 0.000000 0 0 0.000000 0.000000 0 0 0.000000 0.000000 0 0 0.000000 0.000000 
267860 32726 0 576.495872 1241.911579 32726 18 884.844681 -97.608778 32726 3 617.790500 3700.649468 32727 19 177.205859 -986.199205 32727 19 120.871685 -979.588955 32726 17 958.118464 1034.987052 0 0 0.000000 0.000000 0 0 0.000000 0.000000 0 0 0.000000 0.000000 0 0 0.000000 0.000000 0 0 0.000000 0.000000 0 0 0.000000 0.000000 
269498 32926 0 731.661003 1241.132309 32927 18 16.835405 -98.377584 32926 3 773.274901 3700.108876 32927 19 332.081628 -987.080413 32927 19 275.748584 -980.155807 32927 17 90.258510 1034.428577 0 0 0.000000 0.000000 0 0 0.000000 0.000000 0 0 0.000000 0.000000 0 0 0.000000 0.000000 0 0 0.000000 0.000000 0 0 0.000000 0.000000 
271135 33126 0 761.821566 1241.003250 33127 18 46.823778 -98.649968 33126 3 803.754782 3699.838764 33127 19 361.956484 -987.552226 33127 19 305.620510 -980.485818 33127 17 120.392675 1034.368278 0 0 0.000000 0.000000 0 0 0.000000 0.000000 0 0 0.000000 0.000000 0 0 0.000000 0.000000 0 0 0.000000 0.000000 0 0 0.000000 0.000000 
272772 33326 0 791.982548 1241.086399 33327 18 76.811034 -98.509336 33326 3 834.236457 3700.184718 33327 19 391.830605 -986.875699 33327 19 335.492888 -980.475623 33327 17 150.525609 1034.457350 0 0 0.000000 0.000000 0 0 0.000000 0.000000 0 0 0.000000 0.000000 0 0 0.000000 0.000000 0 0 0.000000 0.000000 0 0 0.000000 0.000000 
274409 33526 0 822.145327 1241.687059 33527 18 106.798051 -97.813512 33526 3 864.716829 3700.555095 33527 19 421.703706 -986.156853 33527 19 365.366334 -979.521668 33527 17 180.659001 1035.339329 0 0 0.000000 0.000000 0 0 0.000000 0.000000 0 0 0.000000 0.000000 0 0 0.000000 0.000000 0 0 0.000000 0.000000 0 0 0.000000 0.000000 
276048 33727 0 79.314461 1241.393411 33727 18 386.792823 -97.984111 33727 3 122.203671 3700.680307 33727 19 701.582514 -986.749918 33727 19 645.245637 -979.627862 33727 17 460.798023 1035.064764 0 0 0.000000 0.000000 0 0 0.000000 0.000000 0 0 0.000000 0.000000 0 0 0.000000 0.000000 0 0 0.000000 0.000000 0 0 0.000000 0.000000 
277685 33927 0 109.476854 1241.183619 33927 18 416.779484 -98.788148 33927 3 152.685323 3700.488249 33927 19 731.457303 -987.043960 33927 19 675.119390 -980.300863 33927 17 490.933066 1034.697115 0 0 0.000000 0.000000 0 0 0.000000 0.000000 0 0 0.000000 0.000000 0 0 0.000000 0.000000 0 0 0.000000 0.000000 0 0 0.000000 0.000000 
279325 34127 0 514.648493 1240.859173 34127 18 821.777719 -98.497294 34127 3 558.177224 3700.266554 34128 19 113.337118 -986.658114 34128 19 57.003047 -979.829127 34127 17 896.078558 1034.716640 0 0 0.000000 0.000000 0 0 0.000000 0.000000 0 0 0.000000 0.000000 0 0 0.000000 0.000000 0 0 0.000000 0.000000 0 0 0.000000 0.000000 
280962 34327 0 544.810287 1241.365908 34327 18 851.765653 -98.213940 34327 3 588.658973 3700.615681 34328 19 143.209936 -986.373397 34328 19 86.874165 -979.740071 34327 17 926.214937 1034.979576 0 0 0.000000 0.000000 0 0 0.000000 0.000000 0 0 0.000000 0.000000 0 0 0.000000 0.000000 0 0 0.000000 0.000000 0 0 0.000000 0.000000 
282599 34527 0 574.970199 1241.680413 34527 18 881.752174 -98.051902 34527 3 619.138290 3700.762829 34528 19 173.082354 -986.029222 34528 19 116.746613 -979.501786 34527 17 956.350064 1034.994177 0 0 0.000000 0.000000 0 0 0.000000 0.000000 0 0 0.000000 0.000000 0 0 0.000000 0.000000 0 0 0.000000 0.000000 0 0 0.000000 0.000000 
284237 34727 0 730.133711 1242.147878 34728 18 13.744363 -97.620214 34727 3 774.627423 3700.977797 34728 19 327.957488 -985.576569 34728 19 271.625228 -978.946957 34728 17 88.489288 1035.625856 0 0 0.000000 0.000000 0 0 0.000000 0.000000 0 0 0.000000 0.000000 0 0 0.000000 0.000000 0 0 0.000000 0.000000 0 0 0.000000 0.000000 
285874 34927 0 760.294231 1242.048577 34928 18 43.733332 -97.823012 34927 3 805.110322 3701.033494 34928 19 357.831544 -985.768167 34928 19 301.498828 -978.944758 34928 17 118.625313 1035.681214 0 0 0.000000 0.000000 0 0 0.000000 0.000000 0 0 0.000000 0.000000 0 0 0.000000 0.000000 0 0 0.000000 0.000000 0 0 0.000000 0.000000 
